(kicad_pcb (version 20171130) (host pcbnew 5.0.1-33cea8e~68~ubuntu18.04.1)

  (general
    (thickness 1.6)
    (drawings 0)
    (tracks 189)
    (zones 0)
    (modules 29)
    (nets 60)
  )

  (page A4)
  (layers
    (0 F.Cu signal)
    (31 B.Cu signal)
    (32 B.Adhes user)
    (33 F.Adhes user)
    (34 B.Paste user)
    (35 F.Paste user)
    (36 B.SilkS user)
    (37 F.SilkS user)
    (38 B.Mask user)
    (39 F.Mask user)
    (40 Dwgs.User user)
    (41 Cmts.User user)
    (42 Eco1.User user)
    (43 Eco2.User user)
    (44 Edge.Cuts user)
    (45 Margin user)
    (46 B.CrtYd user)
    (47 F.CrtYd user)
    (48 B.Fab user)
    (49 F.Fab user)
  )

  (setup
    (last_trace_width 0.25)
    (trace_clearance 0.2)
    (zone_clearance 0.508)
    (zone_45_only no)
    (trace_min 0.2)
    (segment_width 0.4)
    (edge_width 0.1)
    (via_size 0.8)
    (via_drill 0.4)
    (via_min_size 0.4)
    (via_min_drill 0.3)
    (uvia_size 0.3)
    (uvia_drill 0.1)
    (uvias_allowed no)
    (uvia_min_size 0.2)
    (uvia_min_drill 0.1)
    (pcb_text_width 0.3)
    (pcb_text_size 1.5 1.5)
    (mod_edge_width 0.15)
    (mod_text_size 1 1)
    (mod_text_width 0.15)
    (pad_size 1.5 1.5)
    (pad_drill 0.6)
    (pad_to_mask_clearance 0)
    (solder_mask_min_width 0.25)
    (aux_axis_origin 0 0)
    (visible_elements FFFFFF7F)
    (pcbplotparams
      (layerselection 0x010fc_ffffffff)
      (usegerberextensions false)
      (usegerberattributes false)
      (usegerberadvancedattributes false)
      (creategerberjobfile false)
      (excludeedgelayer true)
      (linewidth 0.100000)
      (plotframeref false)
      (viasonmask false)
      (mode 1)
      (useauxorigin false)
      (hpglpennumber 1)
      (hpglpenspeed 20)
      (hpglpendiameter 15.000000)
      (psnegative false)
      (psa4output false)
      (plotreference true)
      (plotvalue true)
      (plotinvisibletext false)
      (padsonsilk false)
      (subtractmaskfromsilk false)
      (outputformat 1)
      (mirror false)
      (drillshape 1)
      (scaleselection 1)
      (outputdirectory ""))
  )

  (net 0 "")
  (net 1 GND)
  (net 2 "Net-(C1-Pad1)")
  (net 3 /Temp_interface/+3.3V)
  (net 4 "Net-(J4-Pad2)")
  (net 5 "Net-(J5-Pad2)")
  (net 6 "Net-(P1-Pad1)")
  (net 7 "Net-(P1-Pad3)")
  (net 8 "Net-(P1-Pad5)")
  (net 9 "Net-(P1-Pad6)")
  (net 10 /Temp_interface/TEMP_GPIO)
  (net 11 "Net-(P1-Pad8)")
  (net 12 "Net-(P1-Pad9)")
  (net 13 "Net-(P1-Pad10)")
  (net 14 "Net-(P1-Pad11)")
  (net 15 "Net-(P1-Pad12)")
  (net 16 "Net-(P1-Pad13)")
  (net 17 "Net-(P1-Pad14)")
  (net 18 "Net-(P1-Pad15)")
  (net 19 "Net-(P1-Pad16)")
  (net 20 "Net-(P1-Pad18)")
  (net 21 "Net-(P1-Pad19)")
  (net 22 "Net-(P1-Pad21)")
  (net 23 "Net-(P1-Pad22)")
  (net 24 "Net-(P1-Pad23)")
  (net 25 "Net-(P1-Pad24)")
  (net 26 "Net-(P1-Pad25)")
  (net 27 "Net-(P1-Pad26)")
  (net 28 "Net-(P1-Pad27)")
  (net 29 "Net-(P1-Pad28)")
  (net 30 "Net-(P1-Pad29)")
  (net 31 "Net-(P1-Pad30)")
  (net 32 "Net-(P1-Pad31)")
  (net 33 "Net-(P1-Pad32)")
  (net 34 /SSR_interface/SSR1_GPIO)
  (net 35 "Net-(P1-Pad34)")
  (net 36 "Net-(P1-Pad35)")
  (net 37 /SSR_interface/SSR2_GPIO)
  (net 38 "Net-(P1-Pad37)")
  (net 39 "Net-(P1-Pad38)")
  (net 40 "Net-(P1-Pad39)")
  (net 41 "Net-(P1-Pad40)")
  (net 42 +5V)
  (net 43 /SSR_interface/SSR_driver_1/ssr_in)
  (net 44 "Net-(J6-Pad2)")
  (net 45 /SSR_interface/SSR_driver_1/sig_in)
  (net 46 /SSR_interface/SSR_driver_2/sig_in)
  (net 47 "Net-(R1-Pad2)")
  (net 48 "Net-(U1-Pad4)")
  (net 49 "Net-(U1-Pad6)")
  (net 50 "Net-(U2-Pad8)")
  (net 51 "Net-(U2-Pad9)")
  (net 52 "Net-(U2-Pad10)")
  (net 53 "Net-(D1-Pad2)")
  (net 54 /SSR_interface/SSR_driver_1/indicator)
  (net 55 /SSR_interface/SSR_driver_2/indicator)
  (net 56 "Net-(R8-Pad1)")
  (net 57 "Net-(D2-Pad1)")
  (net 58 "Net-(J2-Pad2)")
  (net 59 "Net-(R7-Pad1)")

  (net_class Default "This is the default net class."
    (clearance 0.2)
    (trace_width 0.25)
    (via_dia 0.8)
    (via_drill 0.4)
    (uvia_dia 0.3)
    (uvia_drill 0.1)
    (add_net +5V)
    (add_net /SSR_interface/SSR1_GPIO)
    (add_net /SSR_interface/SSR2_GPIO)
    (add_net /SSR_interface/SSR_driver_1/indicator)
    (add_net /SSR_interface/SSR_driver_1/sig_in)
    (add_net /SSR_interface/SSR_driver_1/ssr_in)
    (add_net /SSR_interface/SSR_driver_2/indicator)
    (add_net /SSR_interface/SSR_driver_2/sig_in)
    (add_net /Temp_interface/+3.3V)
    (add_net /Temp_interface/TEMP_GPIO)
    (add_net GND)
    (add_net "Net-(C1-Pad1)")
    (add_net "Net-(D1-Pad2)")
    (add_net "Net-(D2-Pad1)")
    (add_net "Net-(J2-Pad2)")
    (add_net "Net-(J4-Pad2)")
    (add_net "Net-(J5-Pad2)")
    (add_net "Net-(J6-Pad2)")
    (add_net "Net-(P1-Pad1)")
    (add_net "Net-(P1-Pad10)")
    (add_net "Net-(P1-Pad11)")
    (add_net "Net-(P1-Pad12)")
    (add_net "Net-(P1-Pad13)")
    (add_net "Net-(P1-Pad14)")
    (add_net "Net-(P1-Pad15)")
    (add_net "Net-(P1-Pad16)")
    (add_net "Net-(P1-Pad18)")
    (add_net "Net-(P1-Pad19)")
    (add_net "Net-(P1-Pad21)")
    (add_net "Net-(P1-Pad22)")
    (add_net "Net-(P1-Pad23)")
    (add_net "Net-(P1-Pad24)")
    (add_net "Net-(P1-Pad25)")
    (add_net "Net-(P1-Pad26)")
    (add_net "Net-(P1-Pad27)")
    (add_net "Net-(P1-Pad28)")
    (add_net "Net-(P1-Pad29)")
    (add_net "Net-(P1-Pad3)")
    (add_net "Net-(P1-Pad30)")
    (add_net "Net-(P1-Pad31)")
    (add_net "Net-(P1-Pad32)")
    (add_net "Net-(P1-Pad34)")
    (add_net "Net-(P1-Pad35)")
    (add_net "Net-(P1-Pad37)")
    (add_net "Net-(P1-Pad38)")
    (add_net "Net-(P1-Pad39)")
    (add_net "Net-(P1-Pad40)")
    (add_net "Net-(P1-Pad5)")
    (add_net "Net-(P1-Pad6)")
    (add_net "Net-(P1-Pad8)")
    (add_net "Net-(P1-Pad9)")
    (add_net "Net-(R1-Pad2)")
    (add_net "Net-(R7-Pad1)")
    (add_net "Net-(R8-Pad1)")
    (add_net "Net-(U1-Pad4)")
    (add_net "Net-(U1-Pad6)")
    (add_net "Net-(U2-Pad10)")
    (add_net "Net-(U2-Pad8)")
    (add_net "Net-(U2-Pad9)")
  )

  (module Package_SO:SSOP-14_5.3x6.2mm_P0.65mm (layer F.Cu) (tedit 5A02F25C) (tstamp 5C1DE01D)
    (at 96.11 35.96)
    (descr "SSOP14: plastic shrink small outline package; 14 leads; body width 5.3 mm; (see NXP SSOP-TSSOP-VSO-REFLOW.pdf and sot337-1_po.pdf)")
    (tags "SSOP 0.65")
    (path /5BF6A1D6/5C119F67)
    (attr smd)
    (fp_text reference U2 (at 0 -4.2) (layer F.SilkS)
      (effects (font (size 1 1) (thickness 0.15)))
    )
    (fp_text value 4081 (at 0 4.2) (layer F.Fab)
      (effects (font (size 1 1) (thickness 0.15)))
    )
    (fp_line (start -1.65 -3.1) (end 2.65 -3.1) (layer F.Fab) (width 0.15))
    (fp_line (start 2.65 -3.1) (end 2.65 3.1) (layer F.Fab) (width 0.15))
    (fp_line (start 2.65 3.1) (end -2.65 3.1) (layer F.Fab) (width 0.15))
    (fp_line (start -2.65 3.1) (end -2.65 -2.1) (layer F.Fab) (width 0.15))
    (fp_line (start -2.65 -2.1) (end -1.65 -3.1) (layer F.Fab) (width 0.15))
    (fp_line (start -4.3 -3.45) (end -4.3 3.45) (layer F.CrtYd) (width 0.05))
    (fp_line (start 4.3 -3.45) (end 4.3 3.45) (layer F.CrtYd) (width 0.05))
    (fp_line (start -4.3 -3.45) (end 4.3 -3.45) (layer F.CrtYd) (width 0.05))
    (fp_line (start -4.3 3.45) (end 4.3 3.45) (layer F.CrtYd) (width 0.05))
    (fp_line (start -2.775 -3.275) (end -2.775 -2.475) (layer F.SilkS) (width 0.15))
    (fp_line (start 2.775 -3.275) (end 2.775 -2.375) (layer F.SilkS) (width 0.15))
    (fp_line (start 2.775 3.275) (end 2.775 2.375) (layer F.SilkS) (width 0.15))
    (fp_line (start -2.775 3.275) (end -2.775 2.375) (layer F.SilkS) (width 0.15))
    (fp_line (start -2.775 -3.275) (end 2.775 -3.275) (layer F.SilkS) (width 0.15))
    (fp_line (start -2.775 3.275) (end 2.775 3.275) (layer F.SilkS) (width 0.15))
    (fp_line (start -2.775 -2.475) (end -4.05 -2.475) (layer F.SilkS) (width 0.15))
    (fp_text user %R (at 0 0) (layer F.Fab)
      (effects (font (size 0.8 0.8) (thickness 0.15)))
    )
    (pad 1 smd rect (at -3.45 -1.95) (size 1.2 0.4) (layers F.Cu F.Paste F.Mask)
      (net 34 /SSR_interface/SSR1_GPIO))
    (pad 2 smd rect (at -3.45 -1.3) (size 1.2 0.4) (layers F.Cu F.Paste F.Mask)
      (net 48 "Net-(U1-Pad4)"))
    (pad 3 smd rect (at -3.45 -0.65) (size 1.2 0.4) (layers F.Cu F.Paste F.Mask)
      (net 46 /SSR_interface/SSR_driver_2/sig_in))
    (pad 4 smd rect (at -3.45 0) (size 1.2 0.4) (layers F.Cu F.Paste F.Mask)
      (net 45 /SSR_interface/SSR_driver_1/sig_in))
    (pad 5 smd rect (at -3.45 0.65) (size 1.2 0.4) (layers F.Cu F.Paste F.Mask)
      (net 49 "Net-(U1-Pad6)"))
    (pad 6 smd rect (at -3.45 1.3) (size 1.2 0.4) (layers F.Cu F.Paste F.Mask)
      (net 37 /SSR_interface/SSR2_GPIO))
    (pad 7 smd rect (at -3.45 1.95) (size 1.2 0.4) (layers F.Cu F.Paste F.Mask)
      (net 1 GND))
    (pad 8 smd rect (at 3.45 1.95) (size 1.2 0.4) (layers F.Cu F.Paste F.Mask)
      (net 50 "Net-(U2-Pad8)"))
    (pad 9 smd rect (at 3.45 1.3) (size 1.2 0.4) (layers F.Cu F.Paste F.Mask)
      (net 51 "Net-(U2-Pad9)"))
    (pad 10 smd rect (at 3.45 0.65) (size 1.2 0.4) (layers F.Cu F.Paste F.Mask)
      (net 52 "Net-(U2-Pad10)"))
    (pad 11 smd rect (at 3.45 0) (size 1.2 0.4) (layers F.Cu F.Paste F.Mask)
      (net 47 "Net-(R1-Pad2)"))
    (pad 12 smd rect (at 3.45 -0.65) (size 1.2 0.4) (layers F.Cu F.Paste F.Mask)
      (net 37 /SSR_interface/SSR2_GPIO))
    (pad 13 smd rect (at 3.45 -1.3) (size 1.2 0.4) (layers F.Cu F.Paste F.Mask)
      (net 34 /SSR_interface/SSR1_GPIO))
    (pad 14 smd rect (at 3.45 -1.95) (size 1.2 0.4) (layers F.Cu F.Paste F.Mask)
      (net 42 +5V))
    (model ${KISYS3DMOD}/Package_SO.3dshapes/SSOP-14_5.3x6.2mm_P0.65mm.wrl
      (at (xyz 0 0 0))
      (scale (xyz 1 1 1))
      (rotate (xyz 0 0 0))
    )
  )

  (module Capacitor_SMD:C_0603_1608Metric (layer F.Cu) (tedit 5B301BBE) (tstamp 5C1DDCF1)
    (at 117.4 54.9)
    (descr "Capacitor SMD 0603 (1608 Metric), square (rectangular) end terminal, IPC_7351 nominal, (Body size source: http://www.tortai-tech.com/upload/download/2011102023233369053.pdf), generated with kicad-footprint-generator")
    (tags capacitor)
    (path /5BF6A1D6/5C12D07D/5C12D7BC)
    (attr smd)
    (fp_text reference C1 (at 0 -1.43) (layer F.SilkS)
      (effects (font (size 1 1) (thickness 0.15)))
    )
    (fp_text value C (at 0 1.43) (layer F.Fab)
      (effects (font (size 1 1) (thickness 0.15)))
    )
    (fp_text user %R (at 0 0) (layer F.Fab)
      (effects (font (size 0.4 0.4) (thickness 0.06)))
    )
    (fp_line (start 1.48 0.73) (end -1.48 0.73) (layer F.CrtYd) (width 0.05))
    (fp_line (start 1.48 -0.73) (end 1.48 0.73) (layer F.CrtYd) (width 0.05))
    (fp_line (start -1.48 -0.73) (end 1.48 -0.73) (layer F.CrtYd) (width 0.05))
    (fp_line (start -1.48 0.73) (end -1.48 -0.73) (layer F.CrtYd) (width 0.05))
    (fp_line (start -0.162779 0.51) (end 0.162779 0.51) (layer F.SilkS) (width 0.12))
    (fp_line (start -0.162779 -0.51) (end 0.162779 -0.51) (layer F.SilkS) (width 0.12))
    (fp_line (start 0.8 0.4) (end -0.8 0.4) (layer F.Fab) (width 0.1))
    (fp_line (start 0.8 -0.4) (end 0.8 0.4) (layer F.Fab) (width 0.1))
    (fp_line (start -0.8 -0.4) (end 0.8 -0.4) (layer F.Fab) (width 0.1))
    (fp_line (start -0.8 0.4) (end -0.8 -0.4) (layer F.Fab) (width 0.1))
    (pad 2 smd roundrect (at 0.7875 0) (size 0.875 0.95) (layers F.Cu F.Paste F.Mask) (roundrect_rratio 0.25)
      (net 1 GND))
    (pad 1 smd roundrect (at -0.7875 0) (size 0.875 0.95) (layers F.Cu F.Paste F.Mask) (roundrect_rratio 0.25)
      (net 2 "Net-(C1-Pad1)"))
    (model ${KISYS3DMOD}/Capacitor_SMD.3dshapes/C_0603_1608Metric.wrl
      (at (xyz 0 0 0))
      (scale (xyz 1 1 1))
      (rotate (xyz 0 0 0))
    )
  )

  (module TerminalBlock_Phoenix:TerminalBlock_Phoenix_MKDS-1,5-2-5.08_1x02_P5.08mm_Horizontal (layer F.Cu) (tedit 5B294EBC) (tstamp 5C1DEB57)
    (at 131.15 94.9 90)
    (descr "Terminal Block Phoenix MKDS-1,5-2-5.08, 2 pins, pitch 5.08mm, size 10.2x9.8mm^2, drill diamater 1.3mm, pad diameter 2.6mm, see http://www.farnell.com/datasheets/100425.pdf, script-generated using https://github.com/pointhi/kicad-footprint-generator/scripts/TerminalBlock_Phoenix")
    (tags "THT Terminal Block Phoenix MKDS-1,5-2-5.08 pitch 5.08mm size 10.2x9.8mm^2 drill 1.3mm pad 2.6mm")
    (path /5C09D68A)
    (fp_text reference J1 (at 2.54 -6.26 90) (layer F.SilkS)
      (effects (font (size 1 1) (thickness 0.15)))
    )
    (fp_text value Conn_01x02_Male (at 2.54 5.66 90) (layer F.Fab)
      (effects (font (size 1 1) (thickness 0.15)))
    )
    (fp_arc (start 0 0) (end 0 1.68) (angle -24) (layer F.SilkS) (width 0.12))
    (fp_arc (start 0 0) (end 1.535 0.684) (angle -48) (layer F.SilkS) (width 0.12))
    (fp_arc (start 0 0) (end 0.684 -1.535) (angle -48) (layer F.SilkS) (width 0.12))
    (fp_arc (start 0 0) (end -1.535 -0.684) (angle -48) (layer F.SilkS) (width 0.12))
    (fp_arc (start 0 0) (end -0.684 1.535) (angle -25) (layer F.SilkS) (width 0.12))
    (fp_circle (center 0 0) (end 1.5 0) (layer F.Fab) (width 0.1))
    (fp_circle (center 5.08 0) (end 6.58 0) (layer F.Fab) (width 0.1))
    (fp_circle (center 5.08 0) (end 6.76 0) (layer F.SilkS) (width 0.12))
    (fp_line (start -2.54 -5.2) (end 7.62 -5.2) (layer F.Fab) (width 0.1))
    (fp_line (start 7.62 -5.2) (end 7.62 4.6) (layer F.Fab) (width 0.1))
    (fp_line (start 7.62 4.6) (end -2.04 4.6) (layer F.Fab) (width 0.1))
    (fp_line (start -2.04 4.6) (end -2.54 4.1) (layer F.Fab) (width 0.1))
    (fp_line (start -2.54 4.1) (end -2.54 -5.2) (layer F.Fab) (width 0.1))
    (fp_line (start -2.54 4.1) (end 7.62 4.1) (layer F.Fab) (width 0.1))
    (fp_line (start -2.6 4.1) (end 7.68 4.1) (layer F.SilkS) (width 0.12))
    (fp_line (start -2.54 2.6) (end 7.62 2.6) (layer F.Fab) (width 0.1))
    (fp_line (start -2.6 2.6) (end 7.68 2.6) (layer F.SilkS) (width 0.12))
    (fp_line (start -2.54 -2.3) (end 7.62 -2.3) (layer F.Fab) (width 0.1))
    (fp_line (start -2.6 -2.301) (end 7.68 -2.301) (layer F.SilkS) (width 0.12))
    (fp_line (start -2.6 -5.261) (end 7.68 -5.261) (layer F.SilkS) (width 0.12))
    (fp_line (start -2.6 4.66) (end 7.68 4.66) (layer F.SilkS) (width 0.12))
    (fp_line (start -2.6 -5.261) (end -2.6 4.66) (layer F.SilkS) (width 0.12))
    (fp_line (start 7.68 -5.261) (end 7.68 4.66) (layer F.SilkS) (width 0.12))
    (fp_line (start 1.138 -0.955) (end -0.955 1.138) (layer F.Fab) (width 0.1))
    (fp_line (start 0.955 -1.138) (end -1.138 0.955) (layer F.Fab) (width 0.1))
    (fp_line (start 6.218 -0.955) (end 4.126 1.138) (layer F.Fab) (width 0.1))
    (fp_line (start 6.035 -1.138) (end 3.943 0.955) (layer F.Fab) (width 0.1))
    (fp_line (start 6.355 -1.069) (end 6.308 -1.023) (layer F.SilkS) (width 0.12))
    (fp_line (start 4.046 1.239) (end 4.011 1.274) (layer F.SilkS) (width 0.12))
    (fp_line (start 6.15 -1.275) (end 6.115 -1.239) (layer F.SilkS) (width 0.12))
    (fp_line (start 3.853 1.023) (end 3.806 1.069) (layer F.SilkS) (width 0.12))
    (fp_line (start -2.84 4.16) (end -2.84 4.9) (layer F.SilkS) (width 0.12))
    (fp_line (start -2.84 4.9) (end -2.34 4.9) (layer F.SilkS) (width 0.12))
    (fp_line (start -3.04 -5.71) (end -3.04 5.1) (layer F.CrtYd) (width 0.05))
    (fp_line (start -3.04 5.1) (end 8.13 5.1) (layer F.CrtYd) (width 0.05))
    (fp_line (start 8.13 5.1) (end 8.13 -5.71) (layer F.CrtYd) (width 0.05))
    (fp_line (start 8.13 -5.71) (end -3.04 -5.71) (layer F.CrtYd) (width 0.05))
    (fp_text user %R (at 2.54 3.2 90) (layer F.Fab)
      (effects (font (size 1 1) (thickness 0.15)))
    )
    (pad 1 thru_hole rect (at 0 0 90) (size 2.6 2.6) (drill 1.3) (layers *.Cu *.Mask)
      (net 1 GND))
    (pad 2 thru_hole circle (at 5.08 0 90) (size 2.6 2.6) (drill 1.3) (layers *.Cu *.Mask)
      (net 42 +5V))
    (model ${KISYS3DMOD}/TerminalBlock_Phoenix.3dshapes/TerminalBlock_Phoenix_MKDS-1,5-2-5.08_1x02_P5.08mm_Horizontal.wrl
      (at (xyz 0 0 0))
      (scale (xyz 1 1 1))
      (rotate (xyz 0 0 0))
    )
  )

  (module TerminalBlock_Phoenix:TerminalBlock_Phoenix_MKDS-1,5-2-5.08_1x02_P5.08mm_Horizontal (layer F.Cu) (tedit 5B294EBC) (tstamp 5C1DDDDB)
    (at 131.3 37.2 90)
    (descr "Terminal Block Phoenix MKDS-1,5-2-5.08, 2 pins, pitch 5.08mm, size 10.2x9.8mm^2, drill diamater 1.3mm, pad diameter 2.6mm, see http://www.farnell.com/datasheets/100425.pdf, script-generated using https://github.com/pointhi/kicad-footprint-generator/scripts/TerminalBlock_Phoenix")
    (tags "THT Terminal Block Phoenix MKDS-1,5-2-5.08 pitch 5.08mm size 10.2x9.8mm^2 drill 1.3mm pad 2.6mm")
    (path /5BF6A1D6/5C12BED8)
    (fp_text reference J3 (at 2.54 -6.26 90) (layer F.SilkS)
      (effects (font (size 1 1) (thickness 0.15)))
    )
    (fp_text value Conn_01x02_Male (at 2.54 5.66 90) (layer F.Fab)
      (effects (font (size 1 1) (thickness 0.15)))
    )
    (fp_text user %R (at 2.54 3.2 90) (layer F.Fab)
      (effects (font (size 1 1) (thickness 0.15)))
    )
    (fp_line (start 8.13 -5.71) (end -3.04 -5.71) (layer F.CrtYd) (width 0.05))
    (fp_line (start 8.13 5.1) (end 8.13 -5.71) (layer F.CrtYd) (width 0.05))
    (fp_line (start -3.04 5.1) (end 8.13 5.1) (layer F.CrtYd) (width 0.05))
    (fp_line (start -3.04 -5.71) (end -3.04 5.1) (layer F.CrtYd) (width 0.05))
    (fp_line (start -2.84 4.9) (end -2.34 4.9) (layer F.SilkS) (width 0.12))
    (fp_line (start -2.84 4.16) (end -2.84 4.9) (layer F.SilkS) (width 0.12))
    (fp_line (start 3.853 1.023) (end 3.806 1.069) (layer F.SilkS) (width 0.12))
    (fp_line (start 6.15 -1.275) (end 6.115 -1.239) (layer F.SilkS) (width 0.12))
    (fp_line (start 4.046 1.239) (end 4.011 1.274) (layer F.SilkS) (width 0.12))
    (fp_line (start 6.355 -1.069) (end 6.308 -1.023) (layer F.SilkS) (width 0.12))
    (fp_line (start 6.035 -1.138) (end 3.943 0.955) (layer F.Fab) (width 0.1))
    (fp_line (start 6.218 -0.955) (end 4.126 1.138) (layer F.Fab) (width 0.1))
    (fp_line (start 0.955 -1.138) (end -1.138 0.955) (layer F.Fab) (width 0.1))
    (fp_line (start 1.138 -0.955) (end -0.955 1.138) (layer F.Fab) (width 0.1))
    (fp_line (start 7.68 -5.261) (end 7.68 4.66) (layer F.SilkS) (width 0.12))
    (fp_line (start -2.6 -5.261) (end -2.6 4.66) (layer F.SilkS) (width 0.12))
    (fp_line (start -2.6 4.66) (end 7.68 4.66) (layer F.SilkS) (width 0.12))
    (fp_line (start -2.6 -5.261) (end 7.68 -5.261) (layer F.SilkS) (width 0.12))
    (fp_line (start -2.6 -2.301) (end 7.68 -2.301) (layer F.SilkS) (width 0.12))
    (fp_line (start -2.54 -2.3) (end 7.62 -2.3) (layer F.Fab) (width 0.1))
    (fp_line (start -2.6 2.6) (end 7.68 2.6) (layer F.SilkS) (width 0.12))
    (fp_line (start -2.54 2.6) (end 7.62 2.6) (layer F.Fab) (width 0.1))
    (fp_line (start -2.6 4.1) (end 7.68 4.1) (layer F.SilkS) (width 0.12))
    (fp_line (start -2.54 4.1) (end 7.62 4.1) (layer F.Fab) (width 0.1))
    (fp_line (start -2.54 4.1) (end -2.54 -5.2) (layer F.Fab) (width 0.1))
    (fp_line (start -2.04 4.6) (end -2.54 4.1) (layer F.Fab) (width 0.1))
    (fp_line (start 7.62 4.6) (end -2.04 4.6) (layer F.Fab) (width 0.1))
    (fp_line (start 7.62 -5.2) (end 7.62 4.6) (layer F.Fab) (width 0.1))
    (fp_line (start -2.54 -5.2) (end 7.62 -5.2) (layer F.Fab) (width 0.1))
    (fp_circle (center 5.08 0) (end 6.76 0) (layer F.SilkS) (width 0.12))
    (fp_circle (center 5.08 0) (end 6.58 0) (layer F.Fab) (width 0.1))
    (fp_circle (center 0 0) (end 1.5 0) (layer F.Fab) (width 0.1))
    (fp_arc (start 0 0) (end -0.684 1.535) (angle -25) (layer F.SilkS) (width 0.12))
    (fp_arc (start 0 0) (end -1.535 -0.684) (angle -48) (layer F.SilkS) (width 0.12))
    (fp_arc (start 0 0) (end 0.684 -1.535) (angle -48) (layer F.SilkS) (width 0.12))
    (fp_arc (start 0 0) (end 1.535 0.684) (angle -48) (layer F.SilkS) (width 0.12))
    (fp_arc (start 0 0) (end 0 1.68) (angle -24) (layer F.SilkS) (width 0.12))
    (pad 2 thru_hole circle (at 5.08 0 90) (size 2.6 2.6) (drill 1.3) (layers *.Cu *.Mask)
      (net 43 /SSR_interface/SSR_driver_1/ssr_in))
    (pad 1 thru_hole rect (at 0 0 90) (size 2.6 2.6) (drill 1.3) (layers *.Cu *.Mask)
      (net 1 GND))
    (model ${KISYS3DMOD}/TerminalBlock_Phoenix.3dshapes/TerminalBlock_Phoenix_MKDS-1,5-2-5.08_1x02_P5.08mm_Horizontal.wrl
      (at (xyz 0 0 0))
      (scale (xyz 1 1 1))
      (rotate (xyz 0 0 0))
    )
  )

  (module TerminalBlock_Phoenix:TerminalBlock_Phoenix_MKDS-1,5-2-5.08_1x02_P5.08mm_Horizontal (layer F.Cu) (tedit 5B294EBC) (tstamp 5C1DDE07)
    (at 131.3 65 90)
    (descr "Terminal Block Phoenix MKDS-1,5-2-5.08, 2 pins, pitch 5.08mm, size 10.2x9.8mm^2, drill diamater 1.3mm, pad diameter 2.6mm, see http://www.farnell.com/datasheets/100425.pdf, script-generated using https://github.com/pointhi/kicad-footprint-generator/scripts/TerminalBlock_Phoenix")
    (tags "THT Terminal Block Phoenix MKDS-1,5-2-5.08 pitch 5.08mm size 10.2x9.8mm^2 drill 1.3mm pad 2.6mm")
    (path /5BF6A1D6/5C12D07D/5C12F88A)
    (fp_text reference J4 (at 2.54 -6.26 90) (layer F.SilkS)
      (effects (font (size 1 1) (thickness 0.15)))
    )
    (fp_text value Conn_01x02_Male (at 2.54 5.66 90) (layer F.Fab)
      (effects (font (size 1 1) (thickness 0.15)))
    )
    (fp_arc (start 0 0) (end 0 1.68) (angle -24) (layer F.SilkS) (width 0.12))
    (fp_arc (start 0 0) (end 1.535 0.684) (angle -48) (layer F.SilkS) (width 0.12))
    (fp_arc (start 0 0) (end 0.684 -1.535) (angle -48) (layer F.SilkS) (width 0.12))
    (fp_arc (start 0 0) (end -1.535 -0.684) (angle -48) (layer F.SilkS) (width 0.12))
    (fp_arc (start 0 0) (end -0.684 1.535) (angle -25) (layer F.SilkS) (width 0.12))
    (fp_circle (center 0 0) (end 1.5 0) (layer F.Fab) (width 0.1))
    (fp_circle (center 5.08 0) (end 6.58 0) (layer F.Fab) (width 0.1))
    (fp_circle (center 5.08 0) (end 6.76 0) (layer F.SilkS) (width 0.12))
    (fp_line (start -2.54 -5.2) (end 7.62 -5.2) (layer F.Fab) (width 0.1))
    (fp_line (start 7.62 -5.2) (end 7.62 4.6) (layer F.Fab) (width 0.1))
    (fp_line (start 7.62 4.6) (end -2.04 4.6) (layer F.Fab) (width 0.1))
    (fp_line (start -2.04 4.6) (end -2.54 4.1) (layer F.Fab) (width 0.1))
    (fp_line (start -2.54 4.1) (end -2.54 -5.2) (layer F.Fab) (width 0.1))
    (fp_line (start -2.54 4.1) (end 7.62 4.1) (layer F.Fab) (width 0.1))
    (fp_line (start -2.6 4.1) (end 7.68 4.1) (layer F.SilkS) (width 0.12))
    (fp_line (start -2.54 2.6) (end 7.62 2.6) (layer F.Fab) (width 0.1))
    (fp_line (start -2.6 2.6) (end 7.68 2.6) (layer F.SilkS) (width 0.12))
    (fp_line (start -2.54 -2.3) (end 7.62 -2.3) (layer F.Fab) (width 0.1))
    (fp_line (start -2.6 -2.301) (end 7.68 -2.301) (layer F.SilkS) (width 0.12))
    (fp_line (start -2.6 -5.261) (end 7.68 -5.261) (layer F.SilkS) (width 0.12))
    (fp_line (start -2.6 4.66) (end 7.68 4.66) (layer F.SilkS) (width 0.12))
    (fp_line (start -2.6 -5.261) (end -2.6 4.66) (layer F.SilkS) (width 0.12))
    (fp_line (start 7.68 -5.261) (end 7.68 4.66) (layer F.SilkS) (width 0.12))
    (fp_line (start 1.138 -0.955) (end -0.955 1.138) (layer F.Fab) (width 0.1))
    (fp_line (start 0.955 -1.138) (end -1.138 0.955) (layer F.Fab) (width 0.1))
    (fp_line (start 6.218 -0.955) (end 4.126 1.138) (layer F.Fab) (width 0.1))
    (fp_line (start 6.035 -1.138) (end 3.943 0.955) (layer F.Fab) (width 0.1))
    (fp_line (start 6.355 -1.069) (end 6.308 -1.023) (layer F.SilkS) (width 0.12))
    (fp_line (start 4.046 1.239) (end 4.011 1.274) (layer F.SilkS) (width 0.12))
    (fp_line (start 6.15 -1.275) (end 6.115 -1.239) (layer F.SilkS) (width 0.12))
    (fp_line (start 3.853 1.023) (end 3.806 1.069) (layer F.SilkS) (width 0.12))
    (fp_line (start -2.84 4.16) (end -2.84 4.9) (layer F.SilkS) (width 0.12))
    (fp_line (start -2.84 4.9) (end -2.34 4.9) (layer F.SilkS) (width 0.12))
    (fp_line (start -3.04 -5.71) (end -3.04 5.1) (layer F.CrtYd) (width 0.05))
    (fp_line (start -3.04 5.1) (end 8.13 5.1) (layer F.CrtYd) (width 0.05))
    (fp_line (start 8.13 5.1) (end 8.13 -5.71) (layer F.CrtYd) (width 0.05))
    (fp_line (start 8.13 -5.71) (end -3.04 -5.71) (layer F.CrtYd) (width 0.05))
    (fp_text user %R (at 2.54 3.2 90) (layer F.Fab)
      (effects (font (size 1 1) (thickness 0.15)))
    )
    (pad 1 thru_hole rect (at 0 0 90) (size 2.6 2.6) (drill 1.3) (layers *.Cu *.Mask)
      (net 1 GND))
    (pad 2 thru_hole circle (at 5.08 0 90) (size 2.6 2.6) (drill 1.3) (layers *.Cu *.Mask)
      (net 4 "Net-(J4-Pad2)"))
    (model ${KISYS3DMOD}/TerminalBlock_Phoenix.3dshapes/TerminalBlock_Phoenix_MKDS-1,5-2-5.08_1x02_P5.08mm_Horizontal.wrl
      (at (xyz 0 0 0))
      (scale (xyz 1 1 1))
      (rotate (xyz 0 0 0))
    )
  )

  (module Connector_PinSocket_2.54mm:PinSocket_2x20_P2.54mm_Vertical (layer F.Cu) (tedit 5A19A433) (tstamp 5C1DDEA6)
    (at 82.55 34.29)
    (descr "Through hole straight socket strip, 2x20, 2.54mm pitch, double cols (from Kicad 4.0.7), script generated")
    (tags "Through hole socket strip THT 2x20 2.54mm double row")
    (path /54E92361)
    (fp_text reference P1 (at -1.27 -2.77) (layer F.SilkS)
      (effects (font (size 1 1) (thickness 0.15)))
    )
    (fp_text value Raspberry_Pi_+_Conn (at -1.27 51.03) (layer F.Fab)
      (effects (font (size 1 1) (thickness 0.15)))
    )
    (fp_line (start -3.81 -1.27) (end 0.27 -1.27) (layer F.Fab) (width 0.1))
    (fp_line (start 0.27 -1.27) (end 1.27 -0.27) (layer F.Fab) (width 0.1))
    (fp_line (start 1.27 -0.27) (end 1.27 49.53) (layer F.Fab) (width 0.1))
    (fp_line (start 1.27 49.53) (end -3.81 49.53) (layer F.Fab) (width 0.1))
    (fp_line (start -3.81 49.53) (end -3.81 -1.27) (layer F.Fab) (width 0.1))
    (fp_line (start -3.87 -1.33) (end -1.27 -1.33) (layer F.SilkS) (width 0.12))
    (fp_line (start -3.87 -1.33) (end -3.87 49.59) (layer F.SilkS) (width 0.12))
    (fp_line (start -3.87 49.59) (end 1.33 49.59) (layer F.SilkS) (width 0.12))
    (fp_line (start 1.33 1.27) (end 1.33 49.59) (layer F.SilkS) (width 0.12))
    (fp_line (start -1.27 1.27) (end 1.33 1.27) (layer F.SilkS) (width 0.12))
    (fp_line (start -1.27 -1.33) (end -1.27 1.27) (layer F.SilkS) (width 0.12))
    (fp_line (start 1.33 -1.33) (end 1.33 0) (layer F.SilkS) (width 0.12))
    (fp_line (start 0 -1.33) (end 1.33 -1.33) (layer F.SilkS) (width 0.12))
    (fp_line (start -4.34 -1.8) (end 1.76 -1.8) (layer F.CrtYd) (width 0.05))
    (fp_line (start 1.76 -1.8) (end 1.76 50) (layer F.CrtYd) (width 0.05))
    (fp_line (start 1.76 50) (end -4.34 50) (layer F.CrtYd) (width 0.05))
    (fp_line (start -4.34 50) (end -4.34 -1.8) (layer F.CrtYd) (width 0.05))
    (fp_text user %R (at -1.27 24.13 90) (layer F.Fab)
      (effects (font (size 1 1) (thickness 0.15)))
    )
    (pad 1 thru_hole rect (at 0 0) (size 1.7 1.7) (drill 1) (layers *.Cu *.Mask)
      (net 6 "Net-(P1-Pad1)"))
    (pad 2 thru_hole oval (at -2.54 0) (size 1.7 1.7) (drill 1) (layers *.Cu *.Mask)
      (net 42 +5V))
    (pad 3 thru_hole oval (at 0 2.54) (size 1.7 1.7) (drill 1) (layers *.Cu *.Mask)
      (net 7 "Net-(P1-Pad3)"))
    (pad 4 thru_hole oval (at -2.54 2.54) (size 1.7 1.7) (drill 1) (layers *.Cu *.Mask)
      (net 42 +5V))
    (pad 5 thru_hole oval (at 0 5.08) (size 1.7 1.7) (drill 1) (layers *.Cu *.Mask)
      (net 8 "Net-(P1-Pad5)"))
    (pad 6 thru_hole oval (at -2.54 5.08) (size 1.7 1.7) (drill 1) (layers *.Cu *.Mask)
      (net 9 "Net-(P1-Pad6)"))
    (pad 7 thru_hole oval (at 0 7.62) (size 1.7 1.7) (drill 1) (layers *.Cu *.Mask)
      (net 10 /Temp_interface/TEMP_GPIO))
    (pad 8 thru_hole oval (at -2.54 7.62) (size 1.7 1.7) (drill 1) (layers *.Cu *.Mask)
      (net 11 "Net-(P1-Pad8)"))
    (pad 9 thru_hole oval (at 0 10.16) (size 1.7 1.7) (drill 1) (layers *.Cu *.Mask)
      (net 12 "Net-(P1-Pad9)"))
    (pad 10 thru_hole oval (at -2.54 10.16) (size 1.7 1.7) (drill 1) (layers *.Cu *.Mask)
      (net 13 "Net-(P1-Pad10)"))
    (pad 11 thru_hole oval (at 0 12.7) (size 1.7 1.7) (drill 1) (layers *.Cu *.Mask)
      (net 14 "Net-(P1-Pad11)"))
    (pad 12 thru_hole oval (at -2.54 12.7) (size 1.7 1.7) (drill 1) (layers *.Cu *.Mask)
      (net 15 "Net-(P1-Pad12)"))
    (pad 13 thru_hole oval (at 0 15.24) (size 1.7 1.7) (drill 1) (layers *.Cu *.Mask)
      (net 16 "Net-(P1-Pad13)"))
    (pad 14 thru_hole oval (at -2.54 15.24) (size 1.7 1.7) (drill 1) (layers *.Cu *.Mask)
      (net 17 "Net-(P1-Pad14)"))
    (pad 15 thru_hole oval (at 0 17.78) (size 1.7 1.7) (drill 1) (layers *.Cu *.Mask)
      (net 18 "Net-(P1-Pad15)"))
    (pad 16 thru_hole oval (at -2.54 17.78) (size 1.7 1.7) (drill 1) (layers *.Cu *.Mask)
      (net 19 "Net-(P1-Pad16)"))
    (pad 17 thru_hole oval (at 0 20.32) (size 1.7 1.7) (drill 1) (layers *.Cu *.Mask)
      (net 3 /Temp_interface/+3.3V))
    (pad 18 thru_hole oval (at -2.54 20.32) (size 1.7 1.7) (drill 1) (layers *.Cu *.Mask)
      (net 20 "Net-(P1-Pad18)"))
    (pad 19 thru_hole oval (at 0 22.86) (size 1.7 1.7) (drill 1) (layers *.Cu *.Mask)
      (net 21 "Net-(P1-Pad19)"))
    (pad 20 thru_hole oval (at -2.54 22.86) (size 1.7 1.7) (drill 1) (layers *.Cu *.Mask)
      (net 1 GND))
    (pad 21 thru_hole oval (at 0 25.4) (size 1.7 1.7) (drill 1) (layers *.Cu *.Mask)
      (net 22 "Net-(P1-Pad21)"))
    (pad 22 thru_hole oval (at -2.54 25.4) (size 1.7 1.7) (drill 1) (layers *.Cu *.Mask)
      (net 23 "Net-(P1-Pad22)"))
    (pad 23 thru_hole oval (at 0 27.94) (size 1.7 1.7) (drill 1) (layers *.Cu *.Mask)
      (net 24 "Net-(P1-Pad23)"))
    (pad 24 thru_hole oval (at -2.54 27.94) (size 1.7 1.7) (drill 1) (layers *.Cu *.Mask)
      (net 25 "Net-(P1-Pad24)"))
    (pad 25 thru_hole oval (at 0 30.48) (size 1.7 1.7) (drill 1) (layers *.Cu *.Mask)
      (net 26 "Net-(P1-Pad25)"))
    (pad 26 thru_hole oval (at -2.54 30.48) (size 1.7 1.7) (drill 1) (layers *.Cu *.Mask)
      (net 27 "Net-(P1-Pad26)"))
    (pad 27 thru_hole oval (at 0 33.02) (size 1.7 1.7) (drill 1) (layers *.Cu *.Mask)
      (net 28 "Net-(P1-Pad27)"))
    (pad 28 thru_hole oval (at -2.54 33.02) (size 1.7 1.7) (drill 1) (layers *.Cu *.Mask)
      (net 29 "Net-(P1-Pad28)"))
    (pad 29 thru_hole oval (at 0 35.56) (size 1.7 1.7) (drill 1) (layers *.Cu *.Mask)
      (net 30 "Net-(P1-Pad29)"))
    (pad 30 thru_hole oval (at -2.54 35.56) (size 1.7 1.7) (drill 1) (layers *.Cu *.Mask)
      (net 31 "Net-(P1-Pad30)"))
    (pad 31 thru_hole oval (at 0 38.1) (size 1.7 1.7) (drill 1) (layers *.Cu *.Mask)
      (net 32 "Net-(P1-Pad31)"))
    (pad 32 thru_hole oval (at -2.54 38.1) (size 1.7 1.7) (drill 1) (layers *.Cu *.Mask)
      (net 33 "Net-(P1-Pad32)"))
    (pad 33 thru_hole oval (at 0 40.64) (size 1.7 1.7) (drill 1) (layers *.Cu *.Mask)
      (net 34 /SSR_interface/SSR1_GPIO))
    (pad 34 thru_hole oval (at -2.54 40.64) (size 1.7 1.7) (drill 1) (layers *.Cu *.Mask)
      (net 35 "Net-(P1-Pad34)"))
    (pad 35 thru_hole oval (at 0 43.18) (size 1.7 1.7) (drill 1) (layers *.Cu *.Mask)
      (net 36 "Net-(P1-Pad35)"))
    (pad 36 thru_hole oval (at -2.54 43.18) (size 1.7 1.7) (drill 1) (layers *.Cu *.Mask)
      (net 37 /SSR_interface/SSR2_GPIO))
    (pad 37 thru_hole oval (at 0 45.72) (size 1.7 1.7) (drill 1) (layers *.Cu *.Mask)
      (net 38 "Net-(P1-Pad37)"))
    (pad 38 thru_hole oval (at -2.54 45.72) (size 1.7 1.7) (drill 1) (layers *.Cu *.Mask)
      (net 39 "Net-(P1-Pad38)"))
    (pad 39 thru_hole oval (at 0 48.26) (size 1.7 1.7) (drill 1) (layers *.Cu *.Mask)
      (net 40 "Net-(P1-Pad39)"))
    (pad 40 thru_hole oval (at -2.54 48.26) (size 1.7 1.7) (drill 1) (layers *.Cu *.Mask)
      (net 41 "Net-(P1-Pad40)"))
    (model ${KISYS3DMOD}/Connector_PinSocket_2.54mm.3dshapes/PinSocket_2x20_P2.54mm_Vertical.wrl
      (at (xyz 0 0 0))
      (scale (xyz 1 1 1))
      (rotate (xyz 0 0 0))
    )
  )

  (module Package_TO_SOT_SMD:SOT-23 (layer F.Cu) (tedit 5A02FF57) (tstamp 5C1DDEBB)
    (at 110.8 35.52 90)
    (descr "SOT-23, Standard")
    (tags SOT-23)
    (path /5BF6A1D6/5C0971B5/5C09F6F4)
    (attr smd)
    (fp_text reference Q1 (at 0 -2.5 90) (layer F.SilkS)
      (effects (font (size 1 1) (thickness 0.15)))
    )
    (fp_text value Q_NMOS_GSD (at 0 2.5 90) (layer F.Fab)
      (effects (font (size 1 1) (thickness 0.15)))
    )
    (fp_text user %R (at 0 0 180) (layer F.Fab)
      (effects (font (size 0.5 0.5) (thickness 0.075)))
    )
    (fp_line (start -0.7 -0.95) (end -0.7 1.5) (layer F.Fab) (width 0.1))
    (fp_line (start -0.15 -1.52) (end 0.7 -1.52) (layer F.Fab) (width 0.1))
    (fp_line (start -0.7 -0.95) (end -0.15 -1.52) (layer F.Fab) (width 0.1))
    (fp_line (start 0.7 -1.52) (end 0.7 1.52) (layer F.Fab) (width 0.1))
    (fp_line (start -0.7 1.52) (end 0.7 1.52) (layer F.Fab) (width 0.1))
    (fp_line (start 0.76 1.58) (end 0.76 0.65) (layer F.SilkS) (width 0.12))
    (fp_line (start 0.76 -1.58) (end 0.76 -0.65) (layer F.SilkS) (width 0.12))
    (fp_line (start -1.7 -1.75) (end 1.7 -1.75) (layer F.CrtYd) (width 0.05))
    (fp_line (start 1.7 -1.75) (end 1.7 1.75) (layer F.CrtYd) (width 0.05))
    (fp_line (start 1.7 1.75) (end -1.7 1.75) (layer F.CrtYd) (width 0.05))
    (fp_line (start -1.7 1.75) (end -1.7 -1.75) (layer F.CrtYd) (width 0.05))
    (fp_line (start 0.76 -1.58) (end -1.4 -1.58) (layer F.SilkS) (width 0.12))
    (fp_line (start 0.76 1.58) (end -0.7 1.58) (layer F.SilkS) (width 0.12))
    (pad 1 smd rect (at -1 -0.95 90) (size 0.9 0.8) (layers F.Cu F.Paste F.Mask)
      (net 45 /SSR_interface/SSR_driver_1/sig_in))
    (pad 2 smd rect (at -1 0.95 90) (size 0.9 0.8) (layers F.Cu F.Paste F.Mask)
      (net 54 /SSR_interface/SSR_driver_1/indicator))
    (pad 3 smd rect (at 1 0 90) (size 0.9 0.8) (layers F.Cu F.Paste F.Mask)
      (net 43 /SSR_interface/SSR_driver_1/ssr_in))
    (model ${KISYS3DMOD}/Package_TO_SOT_SMD.3dshapes/SOT-23.wrl
      (at (xyz 0 0 0))
      (scale (xyz 1 1 1))
      (rotate (xyz 0 0 0))
    )
  )

  (module Package_TO_SOT_SMD:SOT-23 (layer F.Cu) (tedit 5A02FF57) (tstamp 5C1DDED0)
    (at 117.15 35.52 90)
    (descr "SOT-23, Standard")
    (tags SOT-23)
    (path /5BF6A1D6/5C098030/5C09F6F4)
    (attr smd)
    (fp_text reference Q2 (at 0 -2.5 90) (layer F.SilkS)
      (effects (font (size 1 1) (thickness 0.15)))
    )
    (fp_text value Q_NMOS_GSD (at 0 2.5 90) (layer F.Fab)
      (effects (font (size 1 1) (thickness 0.15)))
    )
    (fp_text user %R (at 0 0 180) (layer F.Fab)
      (effects (font (size 0.5 0.5) (thickness 0.075)))
    )
    (fp_line (start -0.7 -0.95) (end -0.7 1.5) (layer F.Fab) (width 0.1))
    (fp_line (start -0.15 -1.52) (end 0.7 -1.52) (layer F.Fab) (width 0.1))
    (fp_line (start -0.7 -0.95) (end -0.15 -1.52) (layer F.Fab) (width 0.1))
    (fp_line (start 0.7 -1.52) (end 0.7 1.52) (layer F.Fab) (width 0.1))
    (fp_line (start -0.7 1.52) (end 0.7 1.52) (layer F.Fab) (width 0.1))
    (fp_line (start 0.76 1.58) (end 0.76 0.65) (layer F.SilkS) (width 0.12))
    (fp_line (start 0.76 -1.58) (end 0.76 -0.65) (layer F.SilkS) (width 0.12))
    (fp_line (start -1.7 -1.75) (end 1.7 -1.75) (layer F.CrtYd) (width 0.05))
    (fp_line (start 1.7 -1.75) (end 1.7 1.75) (layer F.CrtYd) (width 0.05))
    (fp_line (start 1.7 1.75) (end -1.7 1.75) (layer F.CrtYd) (width 0.05))
    (fp_line (start -1.7 1.75) (end -1.7 -1.75) (layer F.CrtYd) (width 0.05))
    (fp_line (start 0.76 -1.58) (end -1.4 -1.58) (layer F.SilkS) (width 0.12))
    (fp_line (start 0.76 1.58) (end -0.7 1.58) (layer F.SilkS) (width 0.12))
    (pad 1 smd rect (at -1 -0.95 90) (size 0.9 0.8) (layers F.Cu F.Paste F.Mask)
      (net 46 /SSR_interface/SSR_driver_2/sig_in))
    (pad 2 smd rect (at -1 0.95 90) (size 0.9 0.8) (layers F.Cu F.Paste F.Mask)
      (net 55 /SSR_interface/SSR_driver_2/indicator))
    (pad 3 smd rect (at 1 0 90) (size 0.9 0.8) (layers F.Cu F.Paste F.Mask)
      (net 43 /SSR_interface/SSR_driver_1/ssr_in))
    (model ${KISYS3DMOD}/Package_TO_SOT_SMD.3dshapes/SOT-23.wrl
      (at (xyz 0 0 0))
      (scale (xyz 1 1 1))
      (rotate (xyz 0 0 0))
    )
  )

  (module Potentiometer_SMD:Potentiometer_Vishay_TS53YL_Vertical (layer F.Cu) (tedit 5A3D7171) (tstamp 5C1DDFC0)
    (at 111.3 58.1 270)
    (descr "Potentiometer, vertical, Vishay TS53YL, https://www.vishay.com/docs/51008/ts53.pdf")
    (tags "Potentiometer vertical Vishay TS53YL")
    (path /5BF6A1D6/5C12D07D/5C12D7DD)
    (attr smd)
    (fp_text reference RV1 (at -0.175 -3.75 270) (layer F.SilkS)
      (effects (font (size 1 1) (thickness 0.15)))
    )
    (fp_text value 10k (at -0.175 3.75 270) (layer F.Fab)
      (effects (font (size 1 1) (thickness 0.15)))
    )
    (fp_circle (center 0 0) (end 1.15 0) (layer F.Fab) (width 0.1))
    (fp_line (start -2.5 -2.5) (end -2.5 2.5) (layer F.Fab) (width 0.1))
    (fp_line (start -2.5 2.5) (end 2.5 2.5) (layer F.Fab) (width 0.1))
    (fp_line (start 2.5 2.5) (end 2.5 -2.5) (layer F.Fab) (width 0.1))
    (fp_line (start 2.5 -2.5) (end -2.5 -2.5) (layer F.Fab) (width 0.1))
    (fp_line (start -0.92 -0.058) (end -0.058 -0.058) (layer F.Fab) (width 0.1))
    (fp_line (start -0.058 -0.058) (end -0.058 -0.92) (layer F.Fab) (width 0.1))
    (fp_line (start -0.058 -0.92) (end 0.058 -0.92) (layer F.Fab) (width 0.1))
    (fp_line (start 0.058 -0.92) (end 0.058 -0.058) (layer F.Fab) (width 0.1))
    (fp_line (start 0.058 -0.058) (end 0.92 -0.058) (layer F.Fab) (width 0.1))
    (fp_line (start 0.92 -0.058) (end 0.92 0.058) (layer F.Fab) (width 0.1))
    (fp_line (start 0.92 0.058) (end 0.058 0.058) (layer F.Fab) (width 0.1))
    (fp_line (start 0.058 0.058) (end 0.058 0.92) (layer F.Fab) (width 0.1))
    (fp_line (start 0.058 0.92) (end -0.058 0.92) (layer F.Fab) (width 0.1))
    (fp_line (start -0.058 0.92) (end -0.058 0.058) (layer F.Fab) (width 0.1))
    (fp_line (start -0.058 0.058) (end -0.92 0.058) (layer F.Fab) (width 0.1))
    (fp_line (start -0.92 0.058) (end -0.92 -0.058) (layer F.Fab) (width 0.1))
    (fp_line (start -2.62 -2.62) (end 2.62 -2.62) (layer F.SilkS) (width 0.12))
    (fp_line (start -2.62 2.62) (end 2.62 2.62) (layer F.SilkS) (width 0.12))
    (fp_line (start -2.62 -2.62) (end -2.62 -0.89) (layer F.SilkS) (width 0.12))
    (fp_line (start -2.62 0.89) (end -2.62 2.62) (layer F.SilkS) (width 0.12))
    (fp_line (start 2.62 -2.62) (end 2.62 -2.039) (layer F.SilkS) (width 0.12))
    (fp_line (start 2.62 -0.26) (end 2.62 0.26) (layer F.SilkS) (width 0.12))
    (fp_line (start 2.62 2.04) (end 2.62 2.62) (layer F.SilkS) (width 0.12))
    (fp_line (start -4 -2.75) (end -4 2.75) (layer F.CrtYd) (width 0.05))
    (fp_line (start -4 2.75) (end 3.65 2.75) (layer F.CrtYd) (width 0.05))
    (fp_line (start 3.65 2.75) (end 3.65 -2.75) (layer F.CrtYd) (width 0.05))
    (fp_line (start 3.65 -2.75) (end -4 -2.75) (layer F.CrtYd) (width 0.05))
    (fp_text user %R (at 0 -2 270) (layer F.Fab)
      (effects (font (size 0.68 0.68) (thickness 0.15)))
    )
    (pad 1 smd rect (at 2.75 -1.15 270) (size 1.3 1.3) (layers F.Cu F.Paste F.Mask)
      (net 53 "Net-(D1-Pad2)"))
    (pad 2 smd rect (at -2.75 0 270) (size 2 1.3) (layers F.Cu F.Paste F.Mask)
      (net 2 "Net-(C1-Pad1)"))
    (pad 3 smd rect (at 2.75 1.15 270) (size 1.3 1.3) (layers F.Cu F.Paste F.Mask)
      (net 1 GND))
    (model ${KISYS3DMOD}/Potentiometer_SMD.3dshapes/Potentiometer_Vishay_TS53YL_Vertical.wrl
      (at (xyz 0 0 0))
      (scale (xyz 1 1 1))
      (rotate (xyz 0 0 0))
    )
  )

  (module Package_TO_SOT_SMD:SOT-23-6 (layer F.Cu) (tedit 5A02FF57) (tstamp 5C1E0169)
    (at 88.2 34.3)
    (descr "6-pin SOT-23 package")
    (tags SOT-23-6)
    (path /5BF6A1D6/5C0AC439)
    (attr smd)
    (fp_text reference U1 (at 0 -2.9) (layer F.SilkS)
      (effects (font (size 1 1) (thickness 0.15)))
    )
    (fp_text value 74AUC2G04 (at 0 2.9) (layer F.Fab)
      (effects (font (size 1 1) (thickness 0.15)))
    )
    (fp_text user %R (at 0 0 90) (layer F.Fab)
      (effects (font (size 0.5 0.5) (thickness 0.075)))
    )
    (fp_line (start -0.9 1.61) (end 0.9 1.61) (layer F.SilkS) (width 0.12))
    (fp_line (start 0.9 -1.61) (end -1.55 -1.61) (layer F.SilkS) (width 0.12))
    (fp_line (start 1.9 -1.8) (end -1.9 -1.8) (layer F.CrtYd) (width 0.05))
    (fp_line (start 1.9 1.8) (end 1.9 -1.8) (layer F.CrtYd) (width 0.05))
    (fp_line (start -1.9 1.8) (end 1.9 1.8) (layer F.CrtYd) (width 0.05))
    (fp_line (start -1.9 -1.8) (end -1.9 1.8) (layer F.CrtYd) (width 0.05))
    (fp_line (start -0.9 -0.9) (end -0.25 -1.55) (layer F.Fab) (width 0.1))
